
/* values of Dickman's rho function for 0.05<=x<=20, stepwidth=0.05 */

double rho_table[400]=
{1,
 1,
 1,
 1,
 1,
 1,
 1,
 1,
 1,
 1,
 1,
 1,
 1,
 1,
 1,
 1,
 1,
 1,
 1,
 1,
 0.9512098358305679969346255952,
 0.9046898201956751399560478762,
 0.8602380576248413026284707438,
 0.8176784432060453737882819744,
 0.7768564486857902442337049092,
 0.7376357355325089479645040128,
 0.6998954075496619192494878650,
 0.6635277633787870694954065894,
 0.6284364435675169662519515434,
 0.5945348918918356180219868842,
 0.5617450690688447475060592516,
 0.5299963707542644463490629688,
 0.4992247120875107579780347612,
 0.4693717489378296037684568368,
 0.4403842120645773137291114994,
 0.4122133350978809918102688593,
 0.3848143609097665490671279051,
 0.3581461138276052240089640228,
 0.3321706274243445659864908976,
 0.3068528194400546905827678785,
 0.2827650043957919984530030403,
 0.2604057801621536090543856579,
 0.2396427882762209965847188788,
 0.2203571379083276335094518264,
 0.2024416642621919975575502605,
 0.1857994615938655360962056332,
 0.1703426397240175648612786272,
 0.1559912638725041416104691576,
 0.1426724459525111087243350568,
 0.1303195618322507456114389441,
 0.1188715740063696995441598534,
 0.1082724429762708911227211902,
 0.09847061367943859226665611495,
 0.08941856572431291737235062915,
 0.08107241812166772844926309440,
 0.07339158076259944121858630482,
 0.06633844615798594883512562125,
 0.05987811598637070842593461920,
 0.05397815784420594570012435740,
 0.04860838829113156690718303930,
 0.04373733305111457563947165507,
 0.03932296954063713345652537413,
 0.03532409874116184336488718125,
 0.03170344451178008620866706725,
 0.02842721532218082472125479304,
 0.02546472387332851584239844907,
 0.02278805565119079344820063254,
 0.02037177906040766832088276801,
 0.01819269105961454581701593310,
 0.01622959324323599163094189602,
 0.01446309414183873240569397254,
 0.01287543418667647230195129890,
 0.01145033033593220549068590082,
 0.01017283781500573838796239381,
 0.009029226800111860712835644545,
 0.008006872188385230650719713556,
 0.007094154860397581613885954716,
 0.006280373061814635648587868034,
 0.005555662717306287796042727752,
 0.004910925647760832352739150919,
 0.004337775225177615245737307484,
 0.003828586173813950803477088820,
 0.003376525388641933143981901203,
 0.002975474789581521478314609044,
 0.002619953695085303484031462041,
 0.002305050514392564588018982569,
 0.002026362496133066983912175251,
 0.001779942464815349752063626711,
 0.001562251636889195721821334696,
 0.001370117741128107322870660365,
 0.001200697779189062816038660878,
 0.001051444855432390722183195803,
 0.0009200785836461292097127880250,
 0.0008045586447926050793287963710,
 0.0007030611263532992823225524938,
 0.0006139573219700945169573107386,
 0.0005357947112338106045669150180,
 0.0004672798747736888305349109541,
 0.0004072631301748905397020033231,
 0.0003547247004560397298338945103,
 0.0003087622286845519223704159030,
 0.0002685789988207783131465023512,
 0.0002334721079227660579888542482,
 0.0002028215348055161201711798363,
 0.0001760805036193781980612726023,
 0.0001527669948027798602266888679,
 0.0001324562573451640970546443090,
 0.0001147741966215643972478947608,
 0.00009939152926104160724083328599,
 0.00008601861112051155146239828609,
 0.00007440085688541846877545166297,
 0.00006431468046151080711480082021,
 0.00005556389444638926269622132530,
 0.00004797651481339121471819327517,
 0.00004140192370062779303823771264,
 0.00003570834903825215606397938846,
 0.00003078062480389073152348533707,
 0.00002651820008402661485635131989,
 0.00002283336893416541654398799618,
 0.00001964969635395528965175498609,
 0.00001690061862258339490026422463,
 0.00001452820031665387484569477558,
 0.00001248203855123935607007583871,
 0.00001071830445086802264597109487,
 0.000009198905666112413533472114964,
 0.000007890754374200405767368243794,
 0.000006765127280894596409487239945,
 0.000005797105944950749618520249787,
 0.000004965087292553733300773741520,
 0.000004250355517171387818732059042,
 0.000003636707703449996790481592386,
 0.000003110126499791365043715833508,
 0.000002658494016292498293523187060,
 0.000002271341862283066927043189309,
 0.000001939632877191691554153329994,
 0.000001655570663799224832892933296,
 0.000001412433515871033930712529884,
 0.000001204429752709584379791456070,
 0.000001026571839861206072554515646,
 0.0000008745669953293916695580283557,
 0.0000007447222603945409687509652377,
 0.0000006338622555455811204570759547,
 0.0000005392580253428258825358696779,
 0.0000004585655128044050527694699549,
 0.0000003897723683911094692235537055,
 0.0000003311519725773473262003281342,
 0.0000002812237035874508924866416896,
 0.0000002387186129813229073463295536,
 0.0000002025497845582245332525707176,
 0.0000001717867492033985818036125906,
 0.0000001456334120992187114505223438,
 0.0000001234090210805017248333927394,
 0.0000001045317674600939989540823206,
 0.00000008850466476873211793617212070,
 0.00000007490339771991795821715132085,
 0.00000006336587433060612241358921178,
 0.00000005358324936035385999054044969,
 0.00000004529221781020032993062640669,
 0.00000003826840377817477664784467302,
 0.00000003232069304226103772599785355,
 0.00000002728637779942863222825587793,
 0.00000002302699943731980209743411578,
 0.00000001942479048205952640056857714,
 0.00000001637963044115808633219543478,
 0.00000001380644228072205987503674108,
 0.00000001163296666688187567007649865,
 0.000000009797860008202135027715655065,
 0.000000008249069972003646181677304276,
 0.000000006942448698796466077812013158,
 0.000000005840569562936228038434560147,
 0.000000004911718157954775554785563773,
 0.000000004129032335576973450997321620,
 0.000000003469769695159508221123243775,
 0.000000002914683987871978530804885009,
 0.000000002447494538023843082731513262,
 0.000000002054435052933073279524358195,
 0.000000001723870144354686828200710449,
 0.000000001445969563067374139959533099,
 0.000000001212431591781881858730458068,
 0.000000001016248282737836546534853933,
 0.0000000008515062932557258122456381451,
 0.0000000007132179892319146134488931842,
 0.0000000005971782736867991358532918814,
 0.0000000004998432718682924470185734829,
 0.0000000004182275801461823376733370135,
 0.0000000003498172764386612513622422277,
 0.0000000002924963077331399150051592689,
 0.0000000002444842262276526433490288939,
 2.042835489154349687272400008e-10,
 1.706352738635339302906295129e-10,
 1.424813066241866082109306149e-10,
 1.189327378016704194537239517e-10,
 9.924307257488647098539341228e-11,
 8.278564903344320087568753134e-11,
 6.903459800535792975264072747e-11,
 5.754879560794799059216909401e-11,
 4.795834357438819260664994447e-11,
 3.995318366010832746226914792e-11,
 3.327351296300540282247629001e-11,
 2.770171837725958988758121193e-11,
 2.305559199046454698308986641e-11,
 1.918262617974505208843301259e-11,
 1.595521844923727568398579705e-11,
 1.326664252296062055541523958e-11,
 1.102766459188722181817993524e-11,
 9.163702538243505798743942068e-12,
 7.612441956360331255066308699e-12,
 6.321836308238218083673079081e-12,
 5.248429974412805802977085663e-12,
 4.355952609051918669853852093e-12,
 3.614141355339709954467621811e-12,
 2.997754354124254806559176926e-12,
 2.485744781171796439019509622e-12,
 2.060569541907342823037921528e-12,
 1.707610877617889720629034568e-12,
 1.414692612685327036062353240e-12,
 1.171675699254929511135392355e-12,
 9.701201791763258696226118549e-13,
 8.030027553559188201313682455e-13,
 6.644809070322006532059113577e-13,
 5.496959477303622074635217009e-13,
 4.546086546011894503136472829e-13,
 3.758621305710528133142871454e-13,
 3.106674275538335659625704090e-13,
 2.567081863408231040788898644e-13,
 2.120611589570080832966701231e-13,
 1.751299909796281725120893954e-13,
 1.445900703060528775510767016e-13,
 1.193426083768896688515071918e-13,
 9.847642104485197231085456726e-14,
 8.123612849689898685543533561e-14,
 6.699570476268830469113195002e-14,
 5.523648399835367881546446503e-14,
 4.552887848723632805165276148e-14,
 3.751718682604341329054393216e-14,
 3.090697399557308205375823726e-14,
 2.545459124963183884193209334e-14,
 2.095847576420516088489834054e-14,
 1.725193009558561706670817376e-14,
 1.419713165017938934884594964e-14,
 1.168016420380758266561346280e-14,
 9.606898392988491789292046252e-15,
 7.899577180556636004696052792e-15,
 6.493986531480253514884379785e-15,
 5.337111723236865508315291310e-15,
 4.385196528334467917484068532e-15,
 3.602136504135991003180020588e-15,
 2.958149274577274927635935643e-15,
 2.428674380176458857694244294e-15,
 1.993463333032117968469528928e-15,
 1.635827214567953188408796744e-15,
 1.342014722849388495689904217e-15,
 1.100698202978317266322015498e-15,
 9.025490365114552162159945580e-16,
 7.398869558995828531703670398e-16,
 6.063904974999719276965383628e-16,
 4.968580033202269911882031504e-16,
 4.070104035431375105008889347e-16,
 3.333285225146404602032903916e-16,
 2.729189030472903733987412599e-16,
 2.234031815096862630383521830e-16,
 1.828269057428153689142053153e-16,
 1.495843997044464261234770941e-16,
 1.223568680959453944542364609e-16,
 1.000614220045499418087049470e-16,
 8.180911017887874067766670340e-17,
 6.687037437424668848865407271e-17,
 5.464662323093703772993929654e-17,
 4.464684731705552809215189938e-17,
 3.646838651736602559820228497e-17,
 2.978111671220107361008999722e-17,
 2.431445132863684503064949933e-17,
 1.984665955144520794358342514e-17,
 1.619609064009391792957776871e-17,
 1.321396612805678577980459000e-17,
 1.077846134534335120937720052e-17,
 8.789846908265885426269059949e-18,
 7.166501384916635634675653933e-18,
 5.841639777946754492506056410e-18,
 4.760630014005211802377289163e-18,
 3.878792321261730066304838829e-18,
 3.159595063433363365360761819e-18,
 2.573175983200384598440152130e-18,
 2.095130469908360201279837049e-18,
 1.705518884837643664460594110e-18,
 1.388053547223949920486422954e-18,
 1.129433031629327806534832547e-18,
 9.187972210602429115239633002e-19,
 7.472813220954882638382582246e-19,
 6.076509609510111035000224818e-19,
 4.940036934443996687675511029e-19,
 4.015249012661145405380131093e-19,
 3.262882139649715403568671713e-19,
 2.650923747072750569420847553e-19,
 2.153279273856019958210549345e-19,
 1.748682999828281235570043583e-19,
 1.419808410830360989750569285e-19,
 1.152541715843940264423389262e-19,
 9.353887367839402947762993827e-20,
 7.589908004298059504653290217e-20,
 6.157296934058587704970274041e-20,
 4.994053708404832525238390600e-20,
 4.049730816152727149418597625e-20,
 3.283290064137830258298875361e-20,
 2.661354963244754381176388447e-20,
 2.156786293289809507676310751e-20,
 1.747521350680768599203767151e-20,
 1.415628285046293200649820566e-20,
 1.146535845092704368952213938e-20,
 9.284061405897605475617727818e-21,
 7.516239822630359161595690716e-21,
 6.083812266951285259703922055e-21,
 4.923385274975626947649894399e-21,
 3.983501394549029005032532109e-21,
 3.222400720433203979814784163e-21,
 2.606200515212730187163102632e-21,
 2.107415157287522826370727159e-21,
 1.703753056560483613111789939e-21,
 1.377138923238814680453881603e-21,
 1.112919352591453164571966074e-21,
 8.992174966594885629187383409e-22,
 7.264089581404482583952498045e-22,
 5.866962277617232344640367653e-22,
 4.737632115273712162132040298e-22,
 3.824948355512628477337247914e-22,
 3.087495185114628875850065894e-22,
 2.491745832052327981415988247e-22,
 2.010565356429008463587840328e-22,
 1.621996512271236159806777623e-22,
 1.308275369555692769132558652e-22,
 1.055033385539919852684937661e-22,
 8.506507462316221789600895954e-23,
 6.857324101094286160463657595e-23,
 5.526836600966712417544250170e-23,
 4.453663369064971765423364917e-23,
 3.588204750445332278467325342e-23,
 2.890389449086245048700350962e-23,
 2.327850450612730925687235258e-23,
 1.874448891941153887166776603e-23,
 1.509079750014055543269891389e-23,
 1.214705742007753193894355477e-23,
 9.775759883297298674389918061e-24,
 7.865942309243945576400101339e-24,
 6.328080834494221574544701743e-24,
 5.089962098284812115176789385e-24,
 4.093347216591209993728305392e-24,
 3.291276464096254113413304038e-24,
 2.645892043986234317654085031e-24,
 2.126679708034661956012216689e-24,
 1.709048929686715903693000923e-24,
 1.373186671569720921043059903e-24,
 1.103132208267071238717162367e-24,
 8.860305188131485614599391131e-25,
 7.115299001644114224902473246e-25,
 5.712960369724524590094344354e-25,
 4.586200895309854139107205269e-25,
 3.681026700841877177323948060e-25,
 2.953990617004968856845427340e-25,
 2.370138507692511892841256652e-25,
 1.901354211609079795406824253e-25,
 1.525025983018029420605972464e-25,
 1.222972183334533331166210778e-25,
 9.805759873884879207581249487e-26,
 7.860885702705839229525754716e-26,
 6.300680754024010809816153667e-26,
 5.049279899889823710351957758e-26,
 4.045736600267174184798169393e-26,
 3.241097978444424307549407594e-26,
 2.596051601924900097770588921e-26,
 2.079032573063490530432066178e-26,
 1.664701169337968396378724946e-26,
 1.332718720453922937805503568e-26,
 1.066763476532945341098734432e-26,
 8.537395611201637266666902398e-27,
 6.831412417703273889800655338e-27,
 5.465421151197672497939269882e-27,
 4.371847361815392417723561633e-27,
 3.496510003941677855718512785e-27,
 2.795974354569875559803904548e-27,
 2.235426587087172277745710802e-27,
 1.786967503529073811984933202e-27,
 1.428243006253267362854140042e-27,
 1.141345047098431636234404430e-27,
 9.119297916223307132906877087e-28,
 7.285101930888370433736697861e-28,
 5.818885811823895484656764453e-28,
 4.647016333287672501762831547e-28,
 3.710555336799488878976373373e-28,
 2.962334953507280670670431953e-28,
 2.364613339812692540111909088e-28,
 1.887196030804601211906106838e-28,
 1.505930690518070613171751752e-28,
 1.201501250954017752560879979e-28,
 9.584620583838938166694353145e-29,
 7.644643897863046249090378203e-29,
 6.096371305870345879978374374e-29,
 4.860909725574311860303642154e-29,
 3.875215638694158948450292056e-29,
 3.088919161938808713777878509e-29,
 2.461782828764918055892310274e-29
};

